0.23	0.21	0.584	84.782	2.4489	4.6094	3.2049	8.2207	0.22617	0.32721	0.079456	0.1302	0.23708	0.79233	1.1578	0.32366	0.5768	0.93779
0.23	0.81	0.584	89.729	3.1579	3.8534	5.8166	11.161	0.17144	0.3779	0.056013	0.21546	0.2357	0.71453	1.3175	0.29806	0.87664	1.0467
0.23	1.41	0.584	76.213	3.4422	4.481	11.087	14.059	0.16237	0.3278	0.046552	0.36714	0.23503	0.70294	1.2073	0.20935	1.267	0.91719
0.23	2.01	0.584	52.49	3.6546	2.6148	20.099	15.781	0.20484	0.27345	0.033859	0.68565	0.22251	0.79687	1.1733	0.14786	2.4261	0.9192
0.23	2.61	0.584	31.081	3.2424	3.2448	35.999	15.963	0.23722	0.19256	0.042464	1.2328	0.24379	1.0609	0.65757	0.19526	3.8586	0.99429
0.23	3.21	0.584	18.837	3.6495	2.5584	57.218	14.805	0.24083	0.14696	0.045276	2.0195	0.30806	0.90402	0.68666	0.19644	6.3287	1.2333
0.23	3.81	0.584	11.7	3.8947	2.5965	74.929	13.59	0.22147	0.12541	0.053997	2.7837	0.36793	0.8637	0.57807	0.22329	8.3544	1.4111
0.23	4.41	0.584	6.839	4.141	2.1399	79.027	10.459	0.17197	0.11415	0.056479	3.0249	0.34109	0.73039	0.53783	0.23167	8.9617	1.4638
0.23	5.01	0.584	4.2394	4.2192	1.7867	66.727	7.625	0.1363	0.1324	0.061404	2.5065	0.30975	0.61166	0.53601	0.20693	7.5873	1.1519
0.83	5.01	0.584	4.3898	5.125	2.1939	59.107	10.596	0.13402	0.14069	0.053426	2.1902	0.33781	0.57485	0.62991	0.24466	6.7976	1.2802
0.83	4.41	0.584	6.6395	6.9259	2.6365	69.544	12.29	0.1304	0.15072	0.060969	2.5842	0.32601	0.522	0.62184	0.2328	7.7456	1.2963
0.83	3.81	0.584	10.799	6.3089	3.2398	67.722	19.574	0.17636	0.16041	0.050254	2.4761	0.40207	0.8938	0.81328	0.19547	7.1599	1.5753
0.83	3.21	0.584	17.625	3.7087	3.8269	53.568	25.554	0.26574	0.18814	0.057949	1.9295	0.39371	1.2017	0.89106	0.23592	5.637	1.5667
0.83	2.61	0.584	29.423	5.5479	4.4483	33.58	28.725	0.18414	0.24827	0.048015	1.1149	0.33867	0.71703	0.9844	0.249	3.6737	1.3958
0.83	2.01	0.584	45.301	4.0153	5.1677	19.051	27.983	0.16455	0.36029	0.04472	0.61758	0.251	0.70872	1.3501	0.21748	2.0702	1.1564
0.83	1.41	0.584	65.498	4.1217	5.867	10.207	22.213	0.14833	0.38831	0.05345	0.32895	0.24566	0.68613	1.5415	0.24535	1.2012	1.2308
0.83	0.81	0.584	76.352	3.4623	6.0164	6.5756	15.727	0.14233	0.36453	0.048253	0.23034	0.2586	0.63191	1.2939	0.2137	0.83256	1.2581
0.83	0.21	0.584	73.292	2.7075	5.3385	3.104	9.6623	0.16263	0.32838	0.080151	0.11596	0.2396	0.62002	1.179	0.2986	0.45443	1.1032
1.43	0.21	0.584	53.367	2.9724	3.8481	2.7492	12.172	0.15359	0.40549	0.069711	0.10938	0.27517	0.58975	1.4169	0.34534	0.56719	1.0438
1.43	0.81	0.584	55.885	3.7606	7.9099	4.8834	20.395	0.10462	0.41413	0.077917	0.16761	0.23379	0.478	1.4429	0.381	0.76911	0.96564
1.43	1.41	0.584	48.713	4.902	7.5832	8.8615	33.187	0.12466	0.44208	0.059474	0.30146	0.2814	0.57035	1.5922	0.30591	1.0932	1.2524
1.43	2.01	0.584	38.082	6.3243	4.8527	15.364	43.013	0.20931	0.40725	0.048757	0.49055	0.33168	1.0589	1.5847	0.23931	1.6534	1.3252
1.43	2.61	0.584	26.144	7.7747	6.2094	26.926	45.914	0.14706	0.31636	0.054458	0.89809	0.36973	0.68654	1.3122	0.26521	2.9972	1.4573
1.43	3.21	0.584	16.572	8.5815	5.0761	39.534	41.669	0.18587	0.2556	0.047598	1.345	0.43623	0.7225	1.0776	0.19463	4.1743	1.75
1.43	3.81	0.584	10.768	5.1682	4.0485	48.358	32.438	0.1368	0.14944	0.060679	1.708	0.47232	0.593	0.66367	0.29943	5.2874	1.8514
1.43	4.41	0.584	6.435	9.0603	3.0338	51.999	20.536	0.11982	0.18296	0.050667	1.8143	0.38837	0.56733	0.79308	0.24649	5.5288	1.552
1.43	5.01	0.584	4.479	4.4161	2.2895	45.118	13.13	0.11135	0.12787	0.055152	1.5571	0.37226	0.49502	0.63049	0.22601	4.8846	1.3951
2.03	5.01	0.584	4.4333	13.443	2.8	29.179	15.257	0.13265	0.19031	0.045668	0.91927	0.28006	0.6323	0.84764	0.23095	2.9946	1.1412
2.03	4.41	0.584	6.0651	15.26	3.4985	31.642	24.676	0.13884	0.22444	0.04983	1.0349	0.32047	0.64771	1.0337	0.21642	3.2188	1.3366
2.03	3.81	0.584	9.1731	9.5954	4.9244	30.796	39.201	0.12551	0.1573	0.055804	1.0086	0.45352	0.53888	0.59275	0.24583	3.2508	1.8674
2.03	3.21	0.584	13.456	13.974	6.6292	25.648	54.434	0.16868	0.22495	0.064066	0.8569	0.46724	0.68659	1.0368	0.30625	2.7983	1.9642
2.03	2.61	0.584	19.554	11.351	8.5263	18.841	61.146	0.16692	0.29634	0.056112	0.59572	0.5422	0.81802	1.1598	0.25053	1.8685	2.201
2.03	2.01	0.584	27.012	8.5317	10.605	11.811	55.366	0.12162	0.37514	0.069677	0.38288	0.44841	0.54201	1.3488	0.31429	1.3263	1.7688
2.03	1.41	0.584	32.558	6.1202	11.677	7.2566	40.387	0.12247	0.37997	0.072346	0.23485	0.3501	0.52176	1.5129	0.27511	0.825	1.436
2.03	0.81	0.584	35.878	4.5776	12.447	4.5995	25.089	0.093599	0.32961	0.0729	0.15357	0.24526	0.45086	1.158	0.26525	0.62978	1.0435
2.03	0.21	0.584	34.069	3.4127	12.1	2.6316	13.972	0.090504	0.25733	0.079269	0.097914	0.18837	0.37923	0.85295	0.34765	0.36719	0.83829
2.63	0.21	0.584	20.825	3.8028	20.474	2.3739	14.266	0.087653	0.16837	0.099887	0.082306	0.17897	0.42268	0.596	0.41725	0.34399	0.80797
2.63	0.81	0.584	20.935	5.8992	23.02	4.0202	27.225	0.079937	0.20816	0.10439	0.14765	0.2301	0.347	0.76281	0.38765	0.57336	0.80786
2.63	1.41	0.584	20.755	7.8255	20.597	5.7614	42.559	0.073595	0.25439	0.1029	0.19097	0.33156	0.32387	0.94553	0.44668	0.71179	1.4893
2.63	2.01	0.584	18.034	11.869	17.103	8.585	58.253	0.1436	0.28972	0.088295	0.27716	0.49684	0.62493	1.1869	0.39134	1.0675	1.9369
2.63	2.61	0.584	14.247	17.092	13.229	12.01	64.556	0.23296	0.27634	0.074224	0.38065	0.64397	0.84079	1.0754	0.32142	1.4603	2.2919
2.63	3.21	0.584	10.747	23.046	9.3074	15.512	56.751	0.2906	0.33144	0.067621	0.49228	0.55302	1.061	1.22	0.32301	1.7097	2.3181
2.63	3.81	0.584	7.7862	26.415	6.1599	17.677	40.985	0.24966	0.33045	0.051726	0.57523	0.43596	1.1028	1.2055	0.23094	1.8084	1.7066
2.63	4.41	0.584	5.4265	26.444	4.2324	18.898	24.652	0.18262	0.32232	0.051972	0.60647	0.24473	0.78952	1.2118	0.22416	1.9299	1.0152
2.63	5.01	0.584	4.3258	22.46	3.1357	18.112	15.108	0.1448	0.27676	0.038395	0.5441	0.2298	0.62521	1.1933	0.14513	1.7353	1.054
3.23	5.01	0.584	4.0406	39.061	3.5579	11.559	14.744	0.16112	0.5037	0.040746	0.35785	0.18141	0.70899	2.0354	0.19727	1.2651	0.8298
3.23	4.41	0.584	4.7833	45.819	4.7662	11.872	23.084	0.20308	0.56004	0.059917	0.38358	0.26212	0.81181	1.9149	0.30831	1.2634	1.1002
3.23	3.81	0.584	6.3778	45.022	8.0587	11.173	37.725	0.37324	0.59237	0.068346	0.37272	0.33198	1.3551	2.1325	0.2999	1.2187	1.2146
3.23	3.21	0.584	8.2052	37.978	12.912	9.8114	51.232	0.33671	0.45972	0.084451	0.33687	0.47083	1.1149	1.6451	0.44214	1.1521	1.5508
3.23	2.61	0.584	10.139	25.665	19.077	8.0815	56.899	0.30966	0.36454	0.10304	0.27094	0.48812	1.026	1.328	0.42677	0.95564	1.7324
3.23	2.01	0.584	11.889	16.176	28.75	6.283	50.76	0.15358	0.26344	0.13671	0.21283	0.47476	0.57424	1.1656	0.48333	0.70633	1.681
3.23	1.41	0.584	13.393	9.9419	35.903	4.5984	39.149	0.094394	0.18889	0.20586	0.1612	0.29164	0.38362	0.73428	0.68498	0.67154	1.1024
3.23	0.81	0.584	13.483	6.8234	40.534	3.4082	25.792	0.096933	0.14318	0.25035	0.12234	0.19823	0.39096	0.60232	0.76837	0.52328	0.83199
3.23	0.21	0.584	12.862	4.2887	38.297	2.166	13.936	0.10956	0.13535	0.29349	0.088313	0.12724	0.51302	0.52824	1.1382	0.3084	0.60303
3.83	0.21	0.584	8.9174	4.4665	59.087	1.9331	11.71	0.14072	0.10608	0.47517	0.083592	0.15054	0.54948	0.47562	1.6023	0.31947	0.6692
3.83	0.81	0.584	9.3312	7.3501	62.916	2.8261	20.439	0.13309	0.12663	0.42872	0.11091	0.19748	0.52412	0.55424	1.364	0.46947	0.85104
3.83	1.41	0.584	9.2245	11.861	54.674	3.767	29.475	0.093984	0.15278	0.33643	0.13846	0.25784	0.371	0.60762	1.1105	0.47931	0.98247
3.83	2.01	0.584	8.5436	19.594	42.472	4.7563	37.537	0.15831	0.25466	0.24528	0.17064	0.22627	0.63605	0.90805	0.7871	0.60785	0.93443
3.83	2.61	0.584	7.4427	33.908	27.436	5.7725	40.864	0.29665	0.40731	0.15096	0.20707	0.33877	1.084	1.4507	0.55705	0.74721	1.2279
3.83	3.21	0.584	6.4881	51.746	15.527	6.7575	38.153	0.33843	0.6696	0.10041	0.23737	0.32246	1.195	2.1505	0.43946	0.83067	1.1267
3.83	3.81	0.584	5.1455	65.254	9.0789	7.5032	30.237	0.37241	0.86034	0.086611	0.2628	0.30177	1.2865	2.63	0.35268	0.99741	1.2087
3.83	4.41	0.584	4.1526	67.251	5.3925	7.8356	19.627	0.32733	0.88561	0.072815	0.27229	0.21612	1.1931	2.7933	0.35952	1.0432	0.9909
3.83	5.01	0.584	3.5948	57.526	3.9191	7.9651	13.478	0.29364	0.73545	0.068948	0.27163	0.19994	1.2392	2.2965	0.30404	0.95969	0.82398
4.43	5.01	0.584	3.148	67.782	4.546	5.7807	10.859	0.20202	0.8805	0.065652	0.20028	0.24501	0.89436	2.6589	0.26021	0.93695	0.92047
4.43	4.41	0.584	3.7358	79.908	6.408	5.8574	15.038	0.28082	1.0465	0.084968	0.19277	0.18374	1.2141	3.0513	0.33495	0.6418	0.78656
4.43	3.81	0.584	4.5059	77.569	9.7707	5.2803	20.74	0.37214	1.0313	0.068501	0.1725	0.21444	1.2207	3.0937	0.32269	0.6362	0.83523
4.43	3.21	0.584	5.2853	59.825	17.016	4.7738	24.681	0.33812	0.76271	0.10596	0.14936	0.20358	1.1702	2.3604	0.51425	0.542	0.81044
4.43	2.61	0.584	5.9898	40.11	28.226	4.3486	25.825	0.2718	0.5042	0.14144	0.14967	0.21052	0.9592	1.6757	0.50825	0.61387	0.84932
4.43	2.01	0.584	6.7035	22.435	48.732	3.7475	23.785	0.12123	0.30406	0.29288	0.11944	0.23137	0.49213	1.1977	0.95695	0.4435	1.0164
4.43	1.41	0.584	7.1503	13.664	70.371	3.0134	18.8	0.09783	0.18385	0.49179	0.1195	0.19589	0.44284	0.78984	1.5392	0.44888	0.88487
4.43	0.81	0.584	7.0804	8.8718	80.147	2.3203	14.337	0.11936	0.15047	0.62617	0.096623	0.14351	0.50542	0.68989	1.9187	0.43896	0.61878
4.43	0.21	0.584	6.7997	5.3699	72.629	1.5867	9.0377	0.11528	0.11373	0.63084	0.079011	0.1283	0.42918	0.44477	2.1476	0.33583	0.53795
5.03	0.21	0.584	4.7636	5.8008	78.55	0.77625	6.5751	0.12511	0.14389	0.80596	0.063842	0.12791	0.45153	0.59963	2.82	0.35044	0.56828
5.03	0.81	0.584	5.3157	7.9608	85.432	1.1099	9.9279	0.11758	0.16066	0.68205	0.067132	0.1441	0.53621	0.66582	2.0361	0.29689	0.54745
5.03	1.41	0.584	5.8131	12.304	74.018	1.3628	12.959	0.12569	0.19496	0.508	0.072549	0.13075	0.46883	0.80782	1.6106	0.30986	0.55031
5.03	2.61	0.584	4.6381	37.277	26.357	2.858	15.231	0.14556	0.45428	0.14254	0.10321	0.13335	0.59068	1.5184	0.63432	0.49242	0.61395
5.03	3.21	0.584	3.9785	64.045	19.627	3.4509	14.433	0.20337	0.81097	0.1259	0.12719	0.13881	0.83102	2.3902	0.49842	0.53425	0.6556
5.03	3.81	0.584	3.4288	78.68	11.594	3.833	13.13	0.20228	1.0142	0.11074	0.13049	0.23069	0.7837	2.9783	0.49218	0.60526	0.95628
5.03	4.41	0.584	2.8285	80.809	7.2329	4.0954	10.427	0.19659	1.0545	0.10141	0.13582	0.26286	0.79566	3.0907	0.35652	0.51907	0.89175
5.03	5.01	0.584	2.7951	70.993	5.2111	4.3121	8.502	0.17311	0.92244	0.080804	0.13902	0.24217	0.71296	3.1035	0.36811	0.57273	0.93779
5.03	2.01	0.584	6.1906	28.319	45.316	2.434	16.876	0.10586	0.34318	0.24065	0.095547	0.11512	0.39914	1.0829	1.0328	0.36786	0.53212
