1.711000	3.305000	0.660000	17.568914	18.961814	35.372261	13.659003	5.749590
1.711000	2.905000	0.660000	18.912950	24.057193	33.502819	10.667210	4.671760
1.711000	2.505000	0.660000	26.435979	30.042295	29.012675	8.595440	3.924256
1.711000	2.105000	0.660000	30.581865	35.879466	23.018340	7.003536	3.283802
1.711000	1.705000	0.660000	33.245842	39.303656	18.066638	6.013429	2.881926

1.711000	3.305000	0.660000	12.946670	13.078508	34.269743	16.489902	7.438664
1.711000	2.905000	0.660000	15.183265	18.009124	34.173946	13.205108	6.126536
1.711000	2.505000	0.660000	23.390345	23.765767	30.624581	10.990973	5.205325
1.711000	2.105000	0.660000	28.118842	30.152867	25.206770	9.287042	4.475907
1.711000	1.705000	0.660000	31.989592	35.005695	20.403089	7.980566	3.901089

1.711000	3.305000	0.660000	7.035671	7.217730	31.001873	19.253922	8.318364
1.711000	2.905000	0.660000	8.876256	12.147176	32.729311	15.970843	6.853979
1.711000	2.505000	0.660000	12.888317	20.290645	30.532489	13.197203	5.634706
1.711000	2.105000	0.660000	17.829704	27.495281	26.008058	11.188819	4.859701
1.711000	1.705000	0.660000	23.219922	33.246923	21.607867	9.601853	4.371620

1.711000	3.305000	0.660000	4.970004	4.566305	26.232747	20.585622	8.999349
1.711000	2.905000	0.660000	5.550768	5.847926	29.712413	17.031171	7.529341
1.711000	2.505000	0.660000	7.478891	11.154817	28.971538	14.367283	6.389247
1.711000	2.105000	0.660000	10.832831	19.046509	25.661451	12.445695	5.486395
1.711000	1.705000	0.660000	15.613900	27.262688	21.631108	10.582340	4.804525

0.351000	1.342000	2.832000
2.855000	1.292000	2.841000
1.711000	3.305000	2.840000
2.707000	5.955000	2.833000
0.352000	5.972000	2.839000
0.000000	0.261799	0.523599	0.785398	
0.660000
0.200000	0.850000	277.540000	285.127400	168.103100	292.890200	137.512800	